68 89 93 68 56 52 23 7 68 37 
42 10 76 77 64 95 9 88 84 76 
40 45 94 59 2 94 26 32 78 36 
48 86 87 30 21 95 13 30 33 71 
74 51 12 22 29 50 21 7 24 48 
31 38 85 93 59 58 52 79 4 55 
67 87 35 68 67 95 46 70 4 20 
32 41 85 60 101 44 49 94 37 39 
82 57 83 91 19 3 21 36 21 39 
46 63 33 94 8 72 45 61 58 67 
84 94 68 58 53 66 90 23 20 11 
81 91 63 80 9 63 9 25 61 99 
51 42 58 28 63 9 8 68 2 80 
84 9 44 69 45 62 69 46 40 47 
89 31 14 48 100 92 10 63 4 77 
46 17 81 54 3 90 28 91 44 44 
13 4 81 32 55 2 65 10 21 21 
53 11 71 45 98 69 57 8 47 12 
56 97 63 32 46 21 64 58 21 92 
3 2 76 78 59 82 33 46 44 19 
